CosThetajj	Ejj	EventWeight	Mmiss	PTmiss	PTmu
0.476854254745	158.635888732	0.000117104191101	265.931966875	140.664250064	31.6844520569
-0.994281904153	118.409205233	0.000117104191101	245.286182188	68.2537755507	67.8465652466
0.63176775416	182.98206914	0.000117104191101	203.96790286	140.796112578	45.100894928
-0.955679893024	128.109759614	0.000117104191101	223.457077683	82.3925223433	51.9108581543
-0.86131057271	146.080829027	0.000117104191101	159.528793505	34.4073308425	70.4946365356
-0.164704985225	89.7326336826	0.000117104191101	224.133605409	94.1336888159	58.5192909241
0.374100433015	149.163009532	0.000117104191101	203.603579189	154.152931826	54.1280822754
-0.0578832917384	72.392232875	0.000117104191101	274.833731284	62.3012493168	42.8292388916
0.546311542375	133.797022407	0.000117104191101	307.107889795	108.572269609	32.9123420715
0.969886301977	176.454325685	0.000117104191101	246.745895604	57.7448460236	25.7549190521
-0.723143801941	110.142432971	0.000117104191101	243.80699094	74.7624608748	119.817672729
0.947863700187	182.896696298	0.000117104191101	223.948187288	58.8860474145	18.0450057983
0.131427402888	89.464730436	0.000117104191101	381.063072331	27.0022550348	27.1388721466
0.591829213148	93.1755878264	0.000117104191101	233.084861719	59.0464789847	60.234752655
-0.618090981059	100.126564135	0.000117104191101	375.279675873	53.0284176846	13.7331266403
0.867494129208	98.641170168	0.000117104191101	328.155894528	81.179439988	55.2696037292
0.661798718329	106.818393708	0.000117104191101	318.320736291	64.478955164	40.9635276794
0.139377846497	180.254540795	0.000117104191101	224.67078128	113.904216296	63.9807891846
0.813850525679	192.305258459	0.000117104191101	222.857156957	115.400371114	20.6701259613
0.728892552968	71.4623313979	0.000117104191101	389.63510958	20.7437602802	27.2229766846
0.589734652265	161.27222387	0.000117104191101	216.352945371	143.463394326	63.1984977722
-0.643525078422	102.185237657	0.000117104191101	306.543542777	18.5558708941	78.0166244507
-0.161610455557	90.4798297962	0.000117104191101	312.603825469	71.5613335156	38.0226631165
0.141257314136	97.4284953009	0.000117104191101	289.987583382	65.9970959691	89.0408401489
0.0745565465514	128.858337727	0.000117104191101	297.197354583	124.077480419	47.4644050598
-0.180773414467	128.310800411	0.000117104191101	313.242809861	53.3503443759	53.0849494934
0.877950805113	147.9432238	0.000117104191101	307.500545441	44.6458287787	18.6223144531
-0.999735230952	87.3867228612	0.000117104191101	268.081139836	115.287759613	116.292495728
0.53012205998	144.832385241	0.000117104191101	294.949279801	83.8992765017	38.1849517822
-0.693728321096	107.337333921	0.000117104191101	265.580186326	93.8176959755	48.9927902222
0.0231345245658	140.092403153	0.000117104191101	269.622144454	128.605259552	40.1981887817
0.103740264307	151.780419116	0.000117104191101	281.96566145	127.875401789	37.1192779541
-0.925716604679	105.658656575	0.000117104191101	338.852617899	21.5379829347	46.7940750122
0.955995172434	152.047066392	0.000117104191101	225.758355828	51.8331254176	90.847984314
0.162062564745	84.053721692	0.000117104191101	319.462812426	64.7003369078	89.6233444214
-0.7159000167	132.253955764	0.000117104191101	211.565668571	51.3111187683	136.361175537
0.899282914924	178.503756992	0.000117104191101	239.158367853	36.2336445985	41.8015670776
0.95950216249	88.5513572178	0.000117104191101	351.100061001	51.9973863883	37.84425354
-0.801865357764	90.2088541833	0.000117104191101	278.336480785	83.1546609655	101.145698547
-0.307575253289	75.776286934	0.000117104191101	385.836532229	72.1230223166	30.88215065
0.462575753839	182.393604968	0.000117104191101	222.466926607	96.6243647348	63.8157844543
0.558243394535	73.0767953575	0.000117104191101	321.664606434	86.5477731957	42.7249755859
-0.765519061478	146.465747244	0.000117104191101	259.609925056	109.885518106	37.1591567993
0.846756554742	69.602342891	0.000117104191101	351.289618227	44.0421538076	47.7390556335
0.834218266888	140.077622861	0.000117104191101	243.915921427	73.8926032706	90.5272750854
0.45873783254	132.007068404	0.000117104191101	240.231985691	46.9026768587	106.657814026
0.535341831763	147.699686211	0.000117104191101	296.00546368	120.241495353	24.0395679474
0.0407693329424	153.384236733	0.000117104191101	242.033145523	149.326126732	21.9284152985
-0.0155064741677	149.975682561	0.000117104191101	266.527596038	75.3919981433	66.7910232544
0.229343003364	122.68704493	0.000117104191101	297.78684877	97.9324173294	41.922580719
-0.257687483385	87.7440134598	0.000117104191101	265.383537853	57.3360721312	25.3171901703
-0.654230998568	114.772181737	0.000117104191101	345.827391195	48.2081336065	16.2739009857
0.452790257516	170.22561525	0.000117104191101	218.199920356	90.0799777142	73.6606903076
-0.858877793466	51.2273030495	0.000117104191101	277.431939535	91.1333583194	85.5079574585
0.373608047936	116.659986569	0.000117104191101	292.255112156	66.0627741095	76.54322052
-0.737211637556	80.4118235197	0.000117104191101	351.819681068	36.5145065733	53.7453231812
0.0605696401768	82.6264481805	0.000117104191101	322.22391078	62.8304696926	89.0018539429
-0.0681470763801	141.792826213	0.000117104191101	317.323747938	101.569976788	16.0199565887
0.462169863305	206.436909857	0.000117104191101	188.090824453	109.946475661	59.7994651794
0.166002680489	100.70673422	0.000117104191101	322.421897014	90.9085233034	48.932220459
0.836949932497	127.571946905	0.000117104191101	319.003406364	55.0911267994	29.3173999786
-0.942089174184	141.443307933	0.000117104191101	297.588340807	24.6739808809	39.0307121277
0.415985105834	105.777920776	0.000117104191101	273.996368519	21.6991117228	35.1131515503
-0.480754367506	101.501232466	0.000117104191101	283.972208421	41.0843438451	35.8789520264
0.965985913039	140.683770482	0.000117104191101	314.783476498	42.9684128667	14.5913314819
0.357338760822	110.537171795	0.000117104191101	322.642547531	99.1295141282	44.845161438
-0.128875421116	138.726636851	0.000117104191101	313.099252355	101.245454577	30.9723396301
0.479688136567	67.7490440166	0.000117104191101	401.615472667	25.7244223909	20.8508396149
-0.548331451906	85.6926486461	0.000117104191101	379.801637671	66.2496411072	27.7788715363
-0.716774009344	138.13408678	0.000117104191101	292.745796492	43.4441223734	45.1731834412
0.970486692059	109.589655871	0.000117104191101	339.357545711	23.3541840305	22.5318946838
0.728060748567	164.394377797	0.000117104191101	262.02603465	76.9462455675	42.9147109985
-0.128730701799	122.879284878	0.000117104191101	313.236881961	101.579734014	46.7417221069
0.885676854482	161.769363264	0.000117104191101	267.401352835	28.9616697699	37.3537559509
0.659530372402	64.7903784476	0.000117104191101	314.817220687	71.7687662175	85.0832138062
-0.919795083718	102.565713351	0.000117104191101	372.568119616	40.729491276	18.4800567627
0.811270287265	85.1865937432	0.000117104191101	303.611970176	85.779691968	63.665309906
-0.39821533966	114.257787322	0.000117104191101	259.124799227	42.4180080269	113.923233032
0.961273432941	81.3655595248	0.000117104191101	363.931812828	18.0924438002	13.7841014862
-0.77328865652	147.049001903	0.000117104191101	244.024713291	9.22945773785	93.0552597046
-0.408558327248	131.006234029	0.000117104191101	243.879076226	117.970863096	90.8590087891
-0.868499429987	144.707892324	0.000117104191101	275.407847845	84.7046787777	31.4419517517
0.50403809071	115.560409874	0.000117104191101	346.178204365	64.1328952744	29.5790710449
0.3094597643	170.315344534	0.000117104191101	192.740508992	139.246536314	83.9626541138
0.314910840256	87.5423700171	0.000117104191101	314.526819148	44.2830548635	78.1302261353
-0.804434452973	130.561850805	0.000117104191101	215.746028727	77.2063605566	127.220596313
-0.169230632135	195.765756086	0.000117104191101	220.555044012	139.354688215	41.8089485168
0.970961071253	177.923122495	0.000117104191101	231.589438732	72.7454307073	37.7874450684
-0.923278785771	67.7353195735	0.000117104191101	370.916758695	53.4231778937	56.6095809937
0.777731138941	53.8357652784	0.000117104191101	348.166735233	64.2448339554	56.6893806458
0.481824192596	91.7171851094	0.000117104191101	320.52799311	85.1959694107	71.9714813232
-0.581730565517	150.74035104	0.000117104191101	280.626785335	114.429623524	23.1656074524
0.629099099683	95.0033103098	0.000117104191101	338.501597334	56.1239722232	54.7681465149
0.396169084042	113.715668763	0.000117104191101	274.946203906	33.9701815031	106.114395142
0.787835289763	80.2173296886	0.000117104191101	360.980132017	15.4235855812	39.434513092
0.465804351504	173.715471863	0.000117104191101	226.690527895	80.98528241	74.4420394897
0.992920742251	137.480278407	0.000117104191101	233.109233655	91.4204802077	85.135635376
-0.701270371684	111.678102171	0.000117104191101	329.689857371	21.7386013647	53.0263748169
-0.920538729052	81.4998470176	0.000117104191101	300.408754374	69.1357852208	83.1807022095
-0.88561369186	83.0829222514	0.000117104191101	363.340987519	32.7418849383	27.9996356964
0.75677524111	80.7329648421	0.000117104191101	317.280883725	66.7172455497	82.3675537109
0.412069179068	126.894437934	0.000117104191101	314.332842237	93.6272263092	28.6473140717
0.996651884457	165.607807607	0.000117104191101	227.018648625	47.9475298558	59.1884231567
-0.862552059873	95.3532789867	0.000117104191101	268.479559189	96.1613668435	116.45854187
0.560729298462	182.451510237	0.000117104191101	210.760190712	64.3500547387	70.2560577393
-0.165740245089	118.469088061	0.000117104191101	311.940150113	116.251660549	27.1010875702
-0.289828323044	63.703045369	0.000117104191101	375.498198838	60.6840958583	43.7909698486
0.95001758843	188.525839395	0.000117104191101	223.641983138	66.3281947452	13.1384811401
-0.297202579194	153.572207911	0.000117104191101	189.053352407	30.6559738286	149.408996582
0.23046373431	78.2499340007	0.000117104191101	328.500284121	127.447467539	65.9944534302
0.147398875073	106.645299217	0.000117104191101	341.879761159	40.0570843806	45.4128112793
-0.608960468735	114.890886484	0.000117104191101	336.104434866	51.0061762304	28.0742092133
0.972040806628	155.752177959	0.000117104191101	262.60754496	38.5148661594	24.6450252533
-0.929002643418	141.71197045	0.000117104191101	194.525392781	26.7904657385	48.447265625
0.853379043078	131.427050016	0.000117104191101	308.937266051	19.865641501	44.9717750549
-0.61672007553	92.7071790738	0.000117104191101	363.174816307	59.6799335269	29.3626346588
0.17388435597	109.865387848	0.000117104191101	272.706634558	89.9658907982	79.9952011108
-0.815785470099	104.730739995	0.000117104191101	357.344008647	39.2844301402	15.3777561188
0.894259660795	76.138205361	0.000117104191101	407.12527644	7.14127603075	16.1937408447
0.708779394771	118.883639551	0.000117104191101	241.85161367	21.9887893185	60.0053443909
-0.767161190893	143.362796375	0.000117104191101	297.890653352	76.3105855089	31.6607494354
0.206543406551	123.076371837	0.000117104191101	347.769742716	80.1708492586	14.5741853714
-0.952737455237	106.953296797	0.000117104191101	299.002766519	63.7985364526	54.7896499634
-0.185466645764	96.9878001115	0.000117104191101	309.399018306	19.8072824454	88.6575012207
0.845397849147	163.193688007	0.000117104191101	265.786154818	43.8412230159	32.8343429565
-0.521989972479	86.4424535214	0.000117104191101	336.202609649	38.2564261104	73.0381469727
-0.895525936187	108.464034463	0.000117104191101	335.855151639	14.98505831	48.063999176
-0.0579294780348	100.589450894	0.000117104191101	373.8477094	55.3782634306	19.936706543
-0.682298294889	163.461901738	0.000117104191101	232.456883802	83.8744031145	26.4234008789
0.319352733416	79.0766589311	0.000117104191101	343.524271531	46.7669148361	74.1060028076
0.724266393707	91.5799619844	0.000117104191101	370.511588727	13.0140178794	35.3750267029
-0.705014609869	110.759309231	0.000117104191101	339.095764381	47.115245046	29.7798233032
0.474394401411	149.847905806	0.000117104191101	263.124168218	128.348373083	28.8058433533
-0.308162389381	114.004542186	0.000117104191101	350.874923246	84.9744661782	23.7780895233
0.951598459114	142.98425168	0.000117104191101	254.359899829	23.8401948476	58.404964447
0.47517265456	158.523449076	0.000117104191101	199.359265807	44.1482574911	125.402000427
0.942421604198	180.854052686	0.000117104191101	232.433659403	22.5678260125	41.3661231995
-0.383940220297	110.043241498	0.000117104191101	326.931742485	92.034642625	48.6999969482
0.853512594542	148.796300396	0.000117104191101	300.487951008	60.7917301057	27.5195026398
-0.873457164576	115.164765978	0.000117104191101	206.875767759	104.110490389	133.362869263
-0.00404082498618	112.061423847	0.000117104191101	304.734077131	75.4881662894	26.240020752
-0.810768571951	146.687677557	0.000117104191101	272.296296503	33.4467616916	57.1991157532
0.265817408744	94.7590274381	0.000117104191101	286.117470616	136.834570085	83.268737793
0.177665086643	187.571256763	0.000117104191101	202.349739808	102.77194987	72.9175949097
-0.973068438531	116.467830399	0.000117104191101	264.807320101	76.3204917866	64.9341888428
-0.874066063395	113.517525872	0.000117104191101	346.519352784	18.2964619554	28.9270038605
0.193608096785	61.2044558064	0.000117104191101	335.605000594	49.3256521167	77.2078094482
-0.101837289246	135.85675449	0.000117104191101	237.041359905	49.1659671333	66.2180328369
0.963265052976	181.458872103	0.000117104191101	224.279961535	34.7700185789	47.9124794006
-0.904723069949	81.3120519555	0.000117104191101	300.261632421	60.7590054765	58.9392585754
0.618407798547	88.26737665	0.000117104191101	281.3854698	72.9537236546	113.751251221
0.746012229438	100.384332611	0.000117104191101	324.966948271	37.7898712124	54.9143638611
0.587435049458	127.370775694	0.000117104191101	291.885998536	30.4627985251	56.7248497009
-0.0166139589261	130.006783026	0.000117104191101	293.295083414	84.0645777335	60.6915740967
0.89672093257	156.284119235	0.000117104191101	279.021423956	44.2670944336	24.1820335388
0.209147314414	140.088415687	0.000117104191101	206.83701041	94.6592115962	131.129653931
-0.305201937786	141.99503174	0.000117104191101	268.610366193	63.8599192522	74.8373184204
0.731426960767	87.6092977127	0.000117104191101	300.417196107	90.9277029862	80.9719009399
-0.292461125331	157.4546061	0.000117104191101	281.541260914	96.0306782006	35.2976226807
0.301162081587	77.0454473457	0.000117104191101	371.966704097	58.1000640371	34.1081314087
-0.499474256949	131.384344252	0.000117104191101	274.582466764	66.2957965312	56.6045684814
-0.276995633683	102.025912413	0.000117104191101	326.083269828	53.6603356586	26.1010532379
0.724969658471	101.282106294	0.000117104191101	280.453349529	63.5961275143	103.477325439
-0.827454596232	112.999658808	0.000117104191101	338.036034296	43.6294445613	35.0743713379
0.856202920429	161.938118302	0.000117104191101	268.348427215	69.2185862482	18.7227687836
0.448790094804	130.254557719	0.000117104191101	304.972633254	115.730338334	26.1667251587
0.991323994027	119.930070532	0.000117104191101	322.950741759	46.3746443679	42.699836731
0.544548626577	102.24496981	0.000117104191101	313.982963431	66.4250495928	19.4064464569
0.99206771795	170.572539103	0.000117104191101	258.872154562	31.7746594696	26.2813529968
-0.398343015233	121.35039034	0.000117104191101	237.954567086	119.994868112	66.8914337158
0.990096237301	79.0161795054	0.000117104191101	267.985076263	66.2729819037	59.1377296448
0.845493326541	193.229923423	0.000117104191101	209.225599951	74.3063073908	20.6479530334
-0.564476108033	127.361437343	0.000117104191101	271.52513128	56.0248106683	90.8626327515
0.640913361852	150.737424086	0.000117104191101	261.083689807	66.9728526384	65.1638565063
0.883533773176	96.2264947581	0.000117104191101	326.868031705	38.8630478516	61.8984069824
-0.471967818217	105.925603246	0.000117104191101	301.332349353	96.6384124428	75.0804977417
0.0022725929924	88.7546019124	0.000117104191101	327.517157083	51.1605391208	48.3235664368
0.806431349953	189.251677586	0.000117104191101	204.827645944	32.5784185679	69.937789917
-0.522359873083	76.3717546878	0.000117104191101	330.440671641	94.7042102049	59.3687019348
0.949203596049	189.215252714	0.000117104191101	228.948638816	37.2317808354	29.3603458405
0.0238664489819	88.5026472954	0.000117104191101	258.329811657	104.537987901	37.3004798889
0.357833710217	135.193333844	0.000117104191101	280.133516776	84.5352938826	52.7967605591
0.69010175129	167.889878505	0.000117104191101	232.705353317	92.328329517	24.7764987946
-0.842434924629	123.827908677	0.000117104191101	328.311336954	31.121454831	35.6099433899
0.984045064396	183.744437544	0.000117104191101	240.274363526	41.494879678	28.4522304535
0.777953590053	137.134011895	0.000117104191101	312.487686659	53.9577924557	27.3718070984
