CosThetajj	Ejj	EventWeight	Mmiss	PTmiss	PTmu
-0.796954207686	179.187515755	0.109617402757	220.892778675	70.7496415508	47.9810447693
0.469495305664	203.770799015	0.109617402757	202.342189789	72.7054342878	72.3290100098
-0.777638451798	170.864084647	0.109617402757	283.898911311	60.5680691126	24.2273750305
-0.814156238813	258.71293895	0.109617402757	171.76090603	62.6533837499	26.4098186493
0.323262110945	167.927152737	0.109617402757	173.693205539	150.263423255	33.465675354
-0.606755717261	183.914469928	0.109617402757	173.919663509	170.690075961	36.878490448
0.928775621796	287.260452208	0.109617402757	147.734200642	25.2837502765	18.0524101257
0.314972307052	243.070003168	0.109617402757	124.141670604	56.629684174	110.697654724
0.984633597132	168.464335572	0.109617402757	267.885742048	34.3943450679	44.2333488464
0.356636573133	130.047848091	0.109617402757	303.584828704	96.8366958759	45.3924789429
-0.419111312363	156.330983442	0.109617402757	174.833332912	26.4737650435	91.1796569824
-0.79526414084	192.37950048	0.109617402757	231.295019711	62.5519254971	44.1212120056
0.931809038972	240.310782958	0.109617402757	189.3818676	19.5114303865	43.47057724
-0.76733849694	238.471996051	0.109617402757	95.8584310271	32.743854118	111.078330994
0.189762048355	110.516832618	0.109617402757	295.475855503	42.9895581558	74.5837249756
0.0411885658695	92.7891135901	0.109617402757	338.27759162	65.9886808184	27.6426639557
-0.676705059022	163.222232412	0.109617402757	307.284237334	61.3406350253	16.3087253571
-0.869658466367	189.316805365	0.109617402757	158.807720065	20.7600107067	86.0266571045
-0.966458839033	131.904091182	0.109617402757	251.31314734	71.0832357428	50.1710853577
-0.17748881442	135.590490547	0.109617402757	250.478365299	13.6884943908	49.0426979065
0.93096614796	218.209303935	0.109617402757	115.323051277	22.0005407009	54.212677002
0.816737584092	116.334074327	0.109617402757	331.185345336	49.1223528493	38.9299430847
-0.758302975683	168.912787196	0.109617402757	265.057270044	82.7963758089	32.9205055237
-0.717877412716	294.025217679	0.109617402757	79.5212987544	60.122411114	57.1898765564
0.472404168967	330.384375346	0.109617402757	48.7875490624	50.4244163762	65.3512039185
-0.46895085633	88.6234471216	0.109617402757	212.736654496	24.3301634312	40.289680481
0.76006611306	242.670339826	0.109617402757	145.279445819	44.7440559488	78.6816711426
-0.55686359093	121.449103105	0.109617402757	133.397762703	144.385229864	173.643981934
-0.742331631075	152.72007597	0.109617402757	308.135573222	88.4652168312	16.7674179077
-0.714324939203	274.055610137	0.109617402757	117.173403165	27.5702650567	68.2521362305
-0.512147504728	152.274865265	0.109617402757	297.583423496	95.9641355698	28.7887821198
-0.478341686754	199.613788313	0.109617402757	177.779412506	53.1208894657	101.063026428
0.912237789809	170.646494421	0.109617402757	258.385436081	54.2203318405	31.4532089233
0.682625958314	156.606824853	0.109617402757	277.658326877	52.9435133141	47.9854393005
-0.950488697983	231.560609712	0.109617402757	146.27489806	49.3961136892	37.1414642334
0.183708450048	185.883891557	0.109617402757	237.0829862	144.187541282	34.1468467712
0.98819532896	184.163883348	0.109617402757	175.75045756	54.7470930669	74.5684280396
-0.772597430865	199.169094039	0.109617402757	182.012060437	50.0308823446	67.8565750122
0.621874951365	304.475455612	0.109617402757	125.037523812	79.4533240486	30.2344036102
0.835412369748	292.199487097	0.109617402757	59.8885596433	8.58421443311	95.498336792
-0.655429831734	231.11419055	0.109617402757	115.122658738	52.4189681484	97.392539978
0.0635128381855	218.070702534	0.109617402757	118.003200099	94.70117784	111.529312134
-0.819000574985	176.318224912	0.109617402757	192.021971624	63.5778819461	32.1205329895
-0.155493683613	154.496838528	0.109617402757	302.741404083	136.490187249	12.3135662079
-0.68441530385	150.084989684	0.109617402757	327.939938229	55.2318234605	15.2488222122
0.0705990391513	238.700007831	0.109617402757	155.626605341	52.9180140245	71.7024002075
-0.846380558983	227.007836324	0.109617402757	123.899890438	31.2440321245	91.72706604
-0.840704214338	248.523164846	0.109617402757	73.7259791488	19.5457195679	65.8129806519
-0.206206598488	145.904687904	0.109617402757	233.3373803	62.3671841247	101.554252625
-0.942489165061	183.998379191	0.109617402757	190.992702018	19.9817413312	74.5374526978
-0.664142317401	138.405532391	0.109617402757	179.409470397	100.135509639	64.6731185913
-0.100366794815	229.540447834	0.109617402757	212.406597491	140.532710289	12.7020368576
-0.999896638284	116.337843646	0.109617402757	305.330476053	49.5956110851	49.7550392151
-0.448527388662	194.369382703	0.109617402757	122.802925062	25.1030082891	153.077209473
-0.988837963758	187.429987207	0.109617402757	273.867928425	25.923896955	19.6550121307
-0.935220857644	250.300937723	0.109617402757	139.629290665	60.512119611	47.778629303
-0.289499228708	224.211513758	0.109617402757	227.010956183	79.7323325949	10.5025539398
0.192360913549	106.36244414	0.109617402757	367.728647943	53.2725599594	20.794046402
-0.981873290552	296.497964764	0.109617402757	75.5981618268	28.7319903241	37.4610519409
0.0316192444946	105.309716302	0.109617402757	288.13268003	48.1576819114	48.9198265076
-0.243616811738	131.540165318	0.109617402757	339.63383283	93.7817760359	14.6470317841
-0.0648179919112	341.105438235	0.109617402757	93.7770248272	33.5375888726	56.2171592712
-0.122002269279	185.293309345	0.109617402757	243.34747291	53.769170165	64.9364089966
-0.857943706524	132.243605287	0.109617402757	275.011006522	52.7526476228	49.2512435913
-0.666183618578	218.459154222	0.109617402757	153.188625048	102.125677656	60.3512306213
-0.907966852647	125.781677627	0.109617402757	157.216842986	76.9655695437	95.0222244263
0.654184167894	211.506493357	0.109617402757	200.546800448	73.9071256884	51.24792099
-0.752583093814	206.747928354	0.109617402757	160.379220285	104.555183312	22.867401123
-0.184137688055	204.223825644	0.109617402757	220.410140382	139.453282043	24.621635437
-0.731185787218	197.401851091	0.109617402757	205.036275607	106.754174	35.8202590942
-0.899154035723	207.254154991	0.109617402757	221.545784679	21.72065256	44.3637886047
-0.287708877801	110.034707554	0.109617402757	205.55357983	76.7501068038	79.1437683105
-0.876847691069	211.897123716	0.109617402757	148.126550675	38.9711389873	70.5580291748
-0.979764945611	67.1154598858	0.109617402757	304.02390837	30.5456149143	34.1432151794
-0.669681594786	234.999776534	0.109617402757	144.109451162	52.8222849254	80.238494873
0.806328792264	183.580090375	0.109617402757	153.770800238	37.4437875631	95.3564376831
-0.815819821331	243.499984399	0.109617402757	199.359227469	42.5036246788	36.838848114
0.772972484992	93.4832810773	0.109617402757	382.594550278	29.1257943496	20.9298782349
0.522021373018	197.331653597	0.109617402757	163.493197908	77.5916013236	96.7173233032
0.644927513936	227.576147072	0.109617402757	79.1796300128	135.906166088	70.6259841919
-0.342948545838	297.600648422	0.109617402757	134.062520813	118.233857983	17.7297458649
-0.524311582922	89.8410996918	0.109617402757	117.426710193	30.3917093276	68.7681427002
-0.790761965439	214.976897835	0.109617402757	157.635887377	118.426388731	35.9953346252
0.0111669569676	163.46905895	0.109617402757	312.21649958	66.6229261445	13.8387966156
0.333630906045	231.849495705	0.109617402757	141.023678274	131.935410712	65.8544921875
0.335514733109	170.656384443	0.109617402757	168.020764016	133.65652456	22.3409366608
0.759790459743	255.36241517	0.109617402757	148.600617711	67.1213834263	48.4469337463
-0.906903658553	167.159585342	0.109617402757	215.522736839	38.9167494997	81.2725906372
