CosThetajj	Ejj	EventWeight	Mmiss	PTmiss	PTmu
-0.446716980811	151.981989059	1.67308904769	235.869234839	38.955627051	77.1849060059
0.782931939298	126.548928724	1.67308904769	332.286728391	79.1749908708	19.322889328
-0.532538377153	141.947477431	1.67308904769	270.48798019	41.52032574	69.7494354248
0.821421575578	164.766176099	1.67308904769	243.175416075	82.7714307115	46.5954780579
0.537442972666	115.307604297	1.67308904769	334.829703857	72.8508058718	31.1420955658
-0.206964185189	169.245667434	1.67308904769	245.364351515	119.757326765	55.5491790771
-0.913634250603	150.218230253	1.67308904769	283.345026688	35.9995212587	42.5941352844
-0.943970419411	155.080240484	1.67308904769	241.044627452	39.4084971671	68.9015426636
-0.875802802261	118.449011434	1.67308904769	306.187832605	17.1850893746	59.4887123108
0.770653467238	119.264447809	1.67308904769	313.920678016	10.886420864	51.9519882202
0.415509692889	154.535346263	1.67308904769	235.145845136	32.019880409	93.8429641724
0.741297843932	122.888068562	1.67308904769	278.440932559	81.9035437983	48.682674408
-0.110536794474	155.473084185	1.67308904769	200.797610122	40.2745347409	132.370956421
-0.849131003626	65.3386608322	1.67308904769	289.694811218	48.9255262679	41.9488487244
-0.438077572262	188.394892468	1.67308904769	192.584646721	68.3093917493	93.9603881836
-0.212764943973	150.568877174	1.67308904769	296.263469129	102.478099274	34.8981513977
-0.911970039711	106.019124211	1.67308904769	353.337008028	49.0486485065	25.950553894
0.864960626895	162.377853004	1.67308904769	270.666989488	62.7573059414	17.6886901855
0.639482748848	139.096824885	1.67308904769	231.242646069	65.151012118	102.648735046
-0.946385654256	128.667229998	1.67308904769	249.415061055	64.2887197755	94.0707092285
0.316091477453	155.608043151	1.67308904769	281.284061028	151.541826359	12.3131742477
-0.35650123854	79.6821393926	1.67308904769	377.130986745	22.5147467323	31.6657810211
0.33525432163	68.7199238809	1.67308904769	383.114255936	29.1468946172	46.9072608948
-0.922834025919	137.252848266	1.67308904769	209.672913199	70.9189581841	55.788898468
-0.421329379569	147.429901039	1.67308904769	261.86379266	61.5606604923	77.9692230225
0.277510567064	113.398727417	1.67308904769	325.165302134	99.9165411706	21.927980423
-0.284614708454	133.478783959	1.67308904769	267.788010056	34.5651076632	94.6289215088
-0.711493882248	158.93921608	1.67308904769	212.364497488	35.7357266456	110.330726624
0.828885822196	84.9856240933	1.67308904769	351.156899821	34.3417840055	40.6143493652
-0.240384252139	86.8554146722	1.67308904769	291.535666702	85.9328521035	107.379638672
-0.758141873698	142.392301549	1.67308904769	303.556108019	52.5971007516	33.2931442261
0.00248095489402	161.421347878	1.67308904769	245.359820647	72.7932747014	81.917678833
-0.23430499278	137.001670896	1.67308904769	323.783205922	93.6705640885	20.754119873
-0.148787979528	98.7881033818	1.67308904769	369.698589444	75.5912930034	21.838306427
0.196180019468	129.446351635	1.67308904769	307.405162537	110.423977183	42.924785614
0.442339974385	131.697659161	1.67308904769	317.058439547	65.402364626	29.3208580017
0.150963882246	102.436200521	1.67308904769	330.84903779	62.2401262745	49.6754188538
-0.489123292323	95.2252073004	1.67308904769	343.770018791	83.478215536	46.3633956909
-0.762497921504	151.69468575	1.67308904769	291.339973424	96.1151282787	20.1464176178
0.780483813661	99.0501758475	1.67308904769	314.068821365	22.5119687682	60.3250427246
-0.000524391324442	153.890872751	1.67308904769	278.586070149	105.206510836	44.9662818909
-0.915557213861	105.866063921	1.67308904769	308.572458185	49.5878516186	74.7356567383
-0.914942009859	109.683197055	1.67308904769	351.505875841	52.8957377065	27.4726543427
0.417062500172	180.141541765	1.67308904769	230.823186455	151.024448985	12.4199123383
-0.637691814307	103.024620964	1.67308904769	290.87634809	30.4513410578	66.3993988037
-0.475591643176	121.463096559	1.67308904769	244.491231628	29.2849789269	67.1402359009
-0.405123481975	87.5809842231	1.67308904769	361.442580882	52.483495614	13.2228193283
-0.803232060495	190.9548532	1.67308904769	217.25281386	99.8964433642	35.899471283
-0.183770127845	89.4216554026	1.67308904769	344.608634659	28.2776510523	64.1516494751
-0.381622379721	162.055358805	1.67308904769	236.51268283	81.2802258809	79.511932373
-0.780396258499	103.329544044	1.67308904769	330.807508782	21.2775385326	59.268611908
-0.0367212235425	85.1700795262	1.67308904769	324.744832164	51.3658690627	82.2124633789
0.675808645723	148.110929882	1.67308904769	239.097080152	63.6525175053	71.005279541
0.0639229026855	131.472552453	1.67308904769	259.519614106	85.6457779336	95.1402053833
0.895854677059	68.8010979784	1.67308904769	305.359631258	49.7756021859	64.8097915649
0.061807392653	82.661010951	1.67308904769	350.319374828	44.6450644159	30.8585548401
-0.495641508271	166.81956885	1.67308904769	241.792398822	75.3846917935	70.7808456421
-0.303458753218	164.301192988	1.67308904769	235.950882149	109.298530939	63.3129119873
0.468622778313	122.754258168	1.67308904769	284.85370044	34.5766531199	85.5442199707
0.650707621177	139.778215173	1.67308904769	246.087701841	27.1607387936	104.4114151
0.614782040285	101.226794749	1.67308904769	327.727426102	76.6638781892	45.5188751221
0.83457359695	109.217834574	1.67308904769	309.713510502	20.7828778154	61.6584587097
-0.267762971331	121.012916118	1.67308904769	271.167447017	54.6566671289	82.2724533081
0.259212644935	141.565980071	1.67308904769	300.089225336	116.805521666	14.1928367615
0.675825882494	148.950799769	1.67308904769	288.507075761	86.833355949	30.9169788361
0.219217620335	83.1799805337	1.67308904769	376.145871107	38.7509226301	38.4297103882
-0.628503100622	152.772053511	1.67308904769	257.628674535	104.920558349	22.3881092072
-0.514900706296	147.617353383	1.67308904769	223.127922051	62.6645113248	88.1410140991
0.896655652134	138.412118041	1.67308904769	292.507874975	58.1908818525	47.2635154724
-0.861435412253	102.866145146	1.67308904769	299.607267478	37.4349993735	32.0763092041
-0.718125607703	137.618796912	1.67308904769	278.185566577	63.6244875329	52.9536018372
0.213057105895	144.207114114	1.67308904769	275.423640851	78.9726514115	56.965549469
0.752468999935	130.142805862	1.67308904769	304.414986326	22.608013988	54.57654953
0.916826511232	95.6387730448	1.67308904769	261.857955638	66.6800333092	75.2533493042
-0.641467646844	150.08614227	1.67308904769	252.623552387	31.3711044339	85.0879821777
0.827139013223	111.898147485	1.67308904769	326.459065176	80.0299248449	40.1435852051
-0.256304393963	77.5468188938	1.67308904769	345.681917651	36.2447690501	65.5736618042
-0.366179808573	92.3296071616	1.67308904769	357.596839118	22.2133584579	37.8201522827
-0.98232406218	121.094394662	1.67308904769	323.042983817	55.9097252131	36.2719955444
-0.317727813238	81.4115993527	1.67308904769	301.80745776	30.9850668038	101.737846375
-0.814384340404	142.940367527	1.67308904769	253.369924777	20.3929223976	78.5605621338
0.0977728759656	108.474651573	1.67308904769	311.619674843	50.0708425102	71.0401229858
-0.0379760083182	158.277516027	1.67308904769	245.266226557	48.5218942481	89.3182754517
0.420167322316	108.804388433	1.67308904769	299.719317712	32.4031538377	31.7287139893
-0.837023988758	87.7208195045	1.67308904769	248.897023793	68.0881485496	54.1810798645
-0.498405374636	102.045492532	1.67308904769	367.525178226	57.1015014544	21.2301101685
-0.335608939735	116.982373881	1.67308904769	331.683563523	61.6069909653	44.2632331848
-0.39185627778	75.4785228057	1.67308904769	397.384186007	37.3220611369	23.3087081909
0.16393961785	185.394636731	1.67308904769	223.145757912	132.803015736	36.2525444031
0.159626462946	99.0780493437	1.67308904769	320.137386608	11.4689132389	76.7577133179
0.474452423796	73.9830205145	1.67308904769	384.332577206	31.9405006586	22.9015483856
-0.270284965198	165.993274914	1.67308904769	201.927399932	88.3871263082	101.697135925
0.473097688017	174.212045035	1.67308904769	245.393530967	104.294013796	49.3667869568
-0.761813495107	119.283780999	1.67308904769	284.94416019	47.9914985842	84.2675094604
0.592030422912	99.373415873	1.67308904769	355.823904425	26.6569282082	32.5764122009
0.675229778259	130.38837553	1.67308904769	291.064230474	51.5854111588	49.2756652832
-0.298618375809	157.6063011	1.67308904769	286.677244844	139.937861231	18.785572052
-0.645557872271	177.347491824	1.67308904769	236.688493301	115.169592355	22.7682762146
0.0207957184226	106.789115589	1.67308904769	346.729625982	63.5930229777	21.5548343658
-0.40842336288	133.645013107	1.67308904769	319.497526003	112.592267245	23.3396339417
0.694840036176	104.718320788	1.67308904769	314.576684567	9.60768289478	70.6526489258
0.760263836342	92.5615760734	1.67308904769	341.094378404	47.5338595433	38.432258606
-0.603990921109	109.129571672	1.67308904769	323.74149111	56.5519298597	15.3005819321
-0.0143458145014	96.481398796	1.67308904769	251.310431415	83.1586322127	137.750228882
-0.52353346936	164.398148008	1.67308904769	234.125680578	57.2530882542	84.1614303589
-0.359516688724	118.959244823	1.67308904769	322.190885634	55.5782697533	49.3805351257
-0.1442098379	84.1798989318	1.67308904769	337.519193086	54.6940130891	62.9205436707
0.410869647125	164.595564911	1.67308904769	202.91974151	43.2292664601	91.8490219116
-0.167100032075	99.4047794598	1.67308904769	375.571084578	54.9984028332	14.8279733658
-0.516136451132	143.43085645	1.67308904769	237.713940062	40.1866495683	73.9903106689
0.777647363245	168.404233471	1.67308904769	245.231256531	83.610665162	41.8730773926
0.0938771145019	112.334620054	1.67308904769	308.771500113	42.7410054736	68.6103515625
-0.51024983172	166.047108238	1.67308904769	266.608225813	135.982310518	21.4180431366
0.804493801995	97.5698833366	1.67308904769	325.115447091	31.5826486202	65.4055709839
-0.188499014402	79.5213091347	1.67308904769	385.184721364	38.8599608666	21.9711265564
0.752769890601	70.6522064921	1.67308904769	337.997591414	58.9930513234	77.7174758911
-0.427535678011	105.295227967	1.67308904769	279.294722416	15.2306792524	61.98097229
-0.105682011008	145.510787703	1.67308904769	282.027168633	76.729523442	47.2630615234
-0.155034769507	165.271055502	1.67308904769	228.758327027	87.895233138	58.88621521
-0.494714066527	105.749870939	1.67308904769	307.898136377	22.5756571767	66.0731811523
0.519237272363	157.003976788	1.67308904769	258.978639544	57.9342345594	64.4078140259
0.542862997931	116.930899964	1.67308904769	314.777725224	49.1903970311	50.4300994873
-0.748860496971	170.949301964	1.67308904769	243.862835607	60.273831986	57.7024459839
-0.668291446678	95.3921684879	1.67308904769	366.375183345	17.8420554527	24.859588623
0.675858373552	75.3530895895	1.67308904769	359.348292132	14.8452726297	39.2792701721
0.432660403817	106.262972861	1.67308904769	328.808324848	60.2103274366	54.6879730225
0.00283842560728	121.453387451	1.67308904769	261.504453399	24.9303890279	115.123542786
0.560805156385	92.9496975297	1.67308904769	340.391745216	24.2979557452	29.0259971619
0.507387930472	77.484915608	1.67308904769	303.756199776	37.8508987167	67.8006820679
-0.985208762764	98.747255611	1.67308904769	285.638709525	82.8579845238	79.1943283081
0.0689186109064	118.388539785	1.67308904769	347.572725702	101.458954918	19.4095344543
0.0765035178694	144.38644902	1.67308904769	243.954783449	38.146377243	88.2938613892
0.67915412439	81.2422722503	1.67308904769	343.569405072	40.2377598552	43.5352592468
0.643452630035	103.978582267	1.67308904769	314.714606643	3.74851836679	51.1040382385
0.879882982744	142.606264119	1.67308904769	198.646957612	27.6757308567	73.1309738159
0.75660174766	109.565535856	1.67308904769	294.842286588	47.5389623934	84.0932769775
0.972798407573	88.5672048696	1.67308904769	369.191033136	35.0565523492	30.2233905792
-0.285395461033	145.701726893	1.67308904769	300.155462528	124.651289003	20.1923160553
0.784317506618	116.365930279	1.67308904769	338.117438234	68.4725828842	18.7538852692
-0.756360385742	134.900651025	1.67308904769	291.829954473	33.4420952638	53.2624206543
0.452720637305	143.607530657	1.67308904769	223.945202948	21.4150893844	123.513931274
0.699234364413	90.5415150774	1.67308904769	315.209021433	43.1405507578	75.2763900757
-0.930679573159	96.4156651791	1.67308904769	348.24908706	15.2556285684	35.2506256104
-0.376026869761	146.720683228	1.67308904769	269.262649301	45.3665205022	76.8043060303
0.687691675993	173.563915885	1.67308904769	254.321146843	126.937702916	23.3270626068
-0.693917529312	99.973053599	1.67308904769	350.630587504	59.4898401309	41.9170608521
0.150357342746	140.120658506	1.67308904769	251.559018744	11.561939953	106.476234436
0.416770728258	149.70407737	1.67308904769	277.352448798	71.6563611986	59.6067619324
0.0714984820758	167.403399544	1.67308904769	224.650013933	106.105678642	44.4094200134
-0.0115583024702	137.145830384	1.67308904769	271.573767494	91.0283752248	72.6716461182
-0.46170391803	96.4130614981	1.67308904769	337.923811437	19.6060485195	63.3837356567
0.385331291272	124.792395718	1.67308904769	340.14179382	110.289288601	15.1181564331
0.567009048898	125.061147265	1.67308904769	261.379167127	42.0657371175	45.3892364502
-0.627134808833	110.064970141	1.67308904769	323.092402029	59.1064287743	50.2597999573
0.500591707851	149.650939189	1.67308904769	239.561554441	36.1739842577	83.1887588501
0.997064014284	109.240259003	1.67308904769	278.7309055	64.9227445222	60.2346382141
0.629555068968	126.742180149	1.67308904769	296.478724766	42.8813416544	66.2101669312
-0.66149183452	165.84739269	1.67308904769	227.743302825	51.464422932	85.0766983032
-0.564018119988	111.164973478	1.67308904769	349.829986381	77.9483175168	16.8454151154
-0.982860188426	119.777751151	1.67308904769	312.028132438	6.40807157892	18.0570907593
-0.636462954904	123.109077969	1.67308904769	231.712775688	33.9052250537	81.9555664062
-0.459403844192	95.5976949924	1.67308904769	305.658385902	49.1426661226	93.4707260132
0.254783906286	167.629151122	1.67308904769	245.611647179	99.2787272391	53.240650177
-0.718473128784	149.135880917	1.67308904769	256.014333544	82.3479219891	38.6174659729
-0.760592744328	84.2941069756	1.67308904769	372.067116066	28.0884808942	25.8301181793
-0.249549563458	162.190354075	1.67308904769	284.346386848	143.169924576	17.3571529388
0.263171984667	155.323990458	1.67308904769	244.345821694	141.208503614	27.4372406006
0.496390880965	134.355795455	1.67308904769	332.621009536	97.1708419544	13.8217849731
-0.121286963993	170.021570071	1.67308904769	242.416877853	155.565371752	11.597527504
-0.894342667377	89.742049484	1.67308904769	297.210069663	30.5366075796	30.7205371857
0.303037111257	125.705865623	1.67308904769	286.525140112	35.2676317815	84.2234268188
-0.789565067586	101.345744147	1.67308904769	348.37097761	16.9783596583	44.9943161011
0.57190739392	162.266440711	1.67308904769	204.083117213	37.0440814158	89.8161315918
0.182314119677	127.62014634	1.67308904769	303.283202418	84.792514114	56.3351669312
-0.227100847827	168.668010079	1.67308904769	188.24430984	65.5532288743	118.124252319
0.848993719927	110.283125057	1.67308904769	338.522244288	50.8284465689	37.8033332825
-0.803705737062	136.090627963	1.67308904769	271.860131966	67.020911677	67.6579360962
-0.749834354045	129.560770428	1.67308904769	231.669447798	42.0878592483	110.366828918
0.193259960224	113.166990154	1.67308904769	319.420186833	41.6097878388	64.0919723511
-0.267829124828	115.963400479	1.67308904769	303.431514171	36.3894486096	66.7420806885
-0.0458382011105	114.835938512	1.67308904769	335.609806334	72.0344703325	35.1105079651
0.594081374801	112.869782638	1.67308904769	350.566394159	79.5533598767	18.5263118744
-0.906316089077	166.071921738	1.67308904769	244.229489157	39.0730809336	53.7565307617
0.922673601021	103.021675249	1.67308904769	294.072234711	49.9832151237	65.4325332642
-0.0324818736738	134.120258033	1.67308904769	295.983040196	85.6271895959	57.6715049744
-0.127387293454	90.8669618153	1.67308904769	343.937500086	41.4391748855	54.1049232483
0.217418918393	156.045706266	1.67308904769	288.595454491	113.970098758	28.0793704987
0.614669337561	45.9904694462	1.67308904769	374.242549474	30.670039219	37.0325698853
-0.388718434934	146.235459556	1.67308904769	287.58357957	67.1684720692	54.9148674011
0.613774329608	101.700223351	1.67308904769	344.098814683	40.3368092124	41.3007011414
-0.444295775987	158.152304148	1.67308904769	240.974376771	81.7163950728	44.4662666321
0.0515733126539	79.6654956526	1.67308904769	303.95205061	57.7412424235	103.794448853
-0.777536649687	72.3360229377	1.67308904769	399.492608389	9.77187917295	18.6938285828
-0.69146416378	92.2002163677	1.67308904769	328.584536087	30.5497826839	57.316947937
0.343842686901	149.093256544	1.67308904769	243.793992422	71.171461616	52.0423774719
-0.291571136829	97.9182908686	1.67308904769	332.235452412	37.5863764876	65.3779983521
0.744903139348	132.719233545	1.67308904769	287.258039839	39.8706986785	63.4592514038
0.685863209584	89.3569472523	1.67308904769	355.005560121	79.7733954665	45.0228691101
-0.172108599157	102.873804452	1.67308904769	338.57567869	48.5582635051	42.2800827026
-0.954934561919	93.8459769954	1.67308904769	334.99285881	36.5902272644	50.5671081543
0.779152950225	156.852281092	1.67308904769	248.34232449	78.6908831901	14.6556844711
0.00265803670527	136.187768101	1.67308904769	267.360562563	18.4204717544	95.8095703125
-0.791905508924	168.115090457	1.67308904769	243.679959346	77.353596733	50.6606826782
0.478770044291	92.7604238758	1.67308904769	350.653304831	54.9920989285	49.3404045105
-0.682007788154	136.187723653	1.67308904769	284.789219915	38.5297538922	47.3844223022
0.598616972323	163.367695159	1.67308904769	257.76063048	118.712196937	24.5764770508
0.9551387697	125.243511756	1.67308904769	326.716594277	7.57107804725	32.8063354492
0.469902217398	178.478053164	1.67308904769	190.176534852	71.2739269095	104.12928772
0.343603298891	155.405202238	1.67308904769	259.497620949	92.8238912966	54.2359466553
-0.991683028851	107.029360186	1.67308904769	309.099288311	20.8619257905	21.0219936371
-0.611682476813	172.905533125	1.67308904769	242.579991645	123.290571988	38.2501983643
-0.954363768164	175.377910448	1.67308904769	240.663364331	52.7911813809	40.7750892639
0.791969059175	95.1615101815	1.67308904769	335.818888847	63.2793517098	43.5263137817
0.728975239046	62.1979551306	1.67308904769	372.890044879	12.5151128951	38.8367881775
0.692395489691	147.703086396	1.67308904769	300.348780469	95.6031905529	21.5152683258
0.59516515444	122.630910681	1.67308904769	314.347078913	91.6523932299	28.7946987152
0.371825765314	108.479859566	1.67308904769	305.917984461	35.13884818	42.3005371094
-0.059825678457	115.883783545	1.67308904769	295.234116585	51.8539101171	48.3809127808
-0.944190998061	108.0770563	1.67308904769	257.30675776	54.6641208521	42.0178222656
0.253728357267	79.1782160258	1.67308904769	311.346381544	52.581362428	102.446624756
0.461159638264	85.9909609838	1.67308904769	346.756157513	43.1415642709	44.1072387695
-0.504653980821	126.434269491	1.67308904769	309.436527602	40.6106630139	47.2549934387
0.0208615016432	153.878145867	1.67308904769	267.095358753	106.671233976	38.063419342
-0.225963027711	97.1638208918	1.67308904769	351.112355646	31.5787747396	48.8830566406
0.970730570615	114.451754684	1.67308904769	293.407874285	57.6008872044	54.5704612732
-0.811866318457	108.324328093	1.67308904769	348.067181375	68.4076133751	31.2650661469
0.464455369708	82.9313081051	1.67308904769	351.992586441	35.9433015381	59.0455360413
-0.192102163035	146.42174857	1.67308904769	264.100194799	93.7151417636	71.2945709229
-0.616158084548	95.5285935888	1.67308904769	312.737967173	43.2882259426	84.2744598389
0.626657673526	117.467678435	1.67308904769	306.65615604	36.8510077643	51.5453224182
0.286756746219	106.952196677	1.67308904769	349.246664822	107.464881385	16.8773574829
-0.252823988083	142.997204265	1.67308904769	256.368537008	42.0343485353	73.6712112427
0.417414014234	132.658448244	1.67308904769	292.473939032	97.0361064167	56.3446578979
-0.995270830692	73.9642485068	1.67308904769	380.367469259	43.3950537892	39.2944259644
0.200402646552	138.60499336	1.67308904769	300.516432605	107.61776323	24.115436554
-0.0519803873688	137.005031905	1.67308904769	214.859351321	1.37137151606	111.101829529
-0.408088048168	145.702775746	1.67308904769	284.88799125	70.5624878071	52.5227050781
0.274974659525	114.106614478	1.67308904769	342.848165899	91.0488225296	12.3483285904
-0.884939333048	119.111131698	1.67308904769	328.644591749	59.4838588582	18.9415111542
0.717952615914	86.8879248689	1.67308904769	356.372364658	19.5819651276	25.3983345032
0.1262830367	113.712993698	1.67308904769	287.445444781	59.0053634265	87.5435714722
0.574797236517	153.3209597	1.67308904769	279.41192331	134.125330399	27.2031383514
-0.0228959867106	91.152349056	1.67308904769	346.637176631	23.9629901939	56.4997329712
-0.312346975251	145.812892708	1.67308904769	280.256455134	106.685722735	25.9903106689
0.429177029528	82.6201666497	1.67308904769	316.483931464	49.8644119525	90.1124343872
0.155263706639	149.020478609	1.67308904769	254.68957249	69.5144677951	82.4598617554
0.508054596035	137.928685154	1.67308904769	232.910786771	68.3898199148	112.753349304
-0.110631755602	155.455408084	1.67308904769	216.343643398	29.1081755266	120.664482117
0.0703398472905	133.271473881	1.67308904769	233.603457463	27.9184098842	109.022415161
-0.514336980162	102.938491437	1.67308904769	351.921558674	27.6502688182	41.131187439
-0.609314931239	140.021574075	1.67308904769	296.739315741	43.9484365952	46.7366600037
-0.52926709337	135.133982129	1.67308904769	271.117458319	71.7162683842	42.5494651794
-0.86989233037	96.1245794291	1.67308904769	313.36758752	25.9785795191	51.5870895386
-0.338097010589	63.6898887281	1.67308904769	378.818450516	23.2257963102	56.1424713135
0.35264646579	86.6010655166	1.67308904769	355.11307969	54.1308341676	48.1667556763
-0.592938844616	88.6582977301	1.67308904769	355.150793382	22.9718216788	43.4903450012
-0.548458096135	113.760552539	1.67308904769	289.340622278	22.9965197816	92.2446365356
0.505244244191	101.684799582	1.67308904769	299.679016441	62.329031559	89.5978469849
-0.953923386334	73.4085753014	1.67308904769	340.329857666	57.7157635996	52.5524978638
0.115305134636	168.565295557	1.67308904769	245.015039534	139.868072776	31.2721233368
0.344163804292	69.859312641	1.67308904769	366.722300914	24.4534551142	59.4456291199
0.609469924659	116.286402327	1.67308904769	314.729919502	29.1585903962	39.1321372986
-0.588856703118	150.696077875	1.67308904769	283.807166612	67.4522127617	36.4711036682
-0.993769103998	108.695911121	1.67308904769	303.554859019	32.6215360204	24.0345077515
-0.575179375017	99.4066580985	1.67308904769	299.641372147	54.4256004845	52.5632324219
0.331973111046	180.124321182	1.67308904769	244.217874499	120.625082104	42.1158790588
-0.961079542497	102.576649034	1.67308904769	353.746313127	48.4556578883	31.9387779236
-0.620209100873	110.317878061	1.67308904769	299.468413825	46.1780434405	26.7479839325
0.804119494665	140.203095535	1.67308904769	306.159445202	67.6169278449	18.5079593658
-0.308713393158	138.331028564	1.67308904769	276.786238971	62.8815815898	65.7382659912
0.483936177155	85.6623312676	1.67308904769	366.175552986	72.5181856934	30.6646842957
0.819811986883	81.2700948926	1.67308904769	322.209506032	41.5490144319	58.6822662354
-0.50139401499	116.337624928	1.67308904769	313.092563085	20.6296563749	60.8542671204
0.630324530524	143.385871296	1.67308904769	261.594812668	4.98649796076	73.7537460327
-0.231463212234	88.2739397857	1.67308904769	304.406132939	8.77573140242	67.787612915
-0.00224503346606	151.598966712	1.67308904769	232.13991964	19.9276033289	113.291297913
-0.927620740854	108.569862487	1.67308904769	334.168058459	40.7748403273	41.8998413086
0.410937446802	101.786830402	1.67308904769	355.72132572	34.4925003934	28.1121292114
-0.292394081505	96.9772116492	1.67308904769	367.299351851	27.4401902372	31.7386550903
-0.354449659663	106.988441363	1.67308904769	335.465712062	30.3627162179	43.1597213745
-0.673902895966	87.1766451726	1.67308904769	376.775092722	13.4013211953	34.0221443176
-0.555382219466	156.632348485	1.67308904769	200.483201711	45.9265474689	127.223640442
-0.883979987725	86.1036040792	1.67308904769	312.039637478	30.701625303	44.6582298279
0.558411394569	176.800580095	1.67308904769	212.975233964	61.8257896809	74.0127563477
0.599672978469	163.283892394	1.67308904769	222.244321083	49.009212	88.80052948
0.652268648798	136.380308223	1.67308904769	270.544736795	27.1755911896	79.3707275391
-0.230286985005	163.28506003	1.67308904769	254.359508411	86.6377247355	55.2388572693
-0.25856935745	118.634040723	1.67308904769	339.119539723	99.1204022611	23.2269229889
0.783799262933	146.753189931	1.67308904769	315.256514112	64.4592019008	28.3415737152
-0.990862486555	84.3873296896	1.67308904769	364.948285192	22.6266128818	23.1775550842
0.250028921185	91.1051116489	1.67308904769	362.020398798	55.7725702646	26.8756122589
0.100396390232	169.686747033	1.67308904769	253.40634752	129.315093607	35.932559967
-0.70463784339	127.251757841	1.67308904769	293.619533658	33.411933667	48.1610908508
-0.260978928995	111.94119364	1.67308904769	326.848333186	34.4283787237	58.5488700867
0.0680680891928	99.7927326705	1.67308904769	311.13669368	42.2878591164	85.5290756226
0.763406162514	108.639955711	1.67308904769	302.662854193	55.26369085	67.1526107788
-0.429747540373	119.552442641	1.67308904769	318.83428196	71.7712240483	48.4716033936
-0.220138314564	90.2417167301	1.67308904769	312.997343906	37.7711876482	90.9807815552
-0.909238846854	124.298307523	1.67308904769	305.648795963	21.8592721548	57.8674316406
-0.380625266951	137.315251209	1.67308904769	291.888143269	73.8693273116	31.7249355316
0.271471481882	134.873012235	1.67308904769	276.289940987	61.7635324024	67.3278961182
-0.318952633762	161.740790051	1.67308904769	249.176122568	114.221127801	24.7583999634
0.974971385376	134.265683428	1.67308904769	313.912352316	48.5202313335	32.6244316101
-0.463912681838	94.2920303336	1.67308904769	340.127424178	20.1833745001	33.9300003052
-0.731572390491	179.434744268	1.67308904769	241.424635277	75.5516146878	33.8670463562
-0.0655366827289	173.682045417	1.67308904769	259.185113614	144.344404554	29.4901447296
0.685432707236	144.902855201	1.67308904769	300.154374691	110.209374505	16.9072494507
-0.407214892681	88.0582851568	1.67308904769	358.308465362	47.4887738177	41.1712532043
-0.289745473891	112.325123263	1.67308904769	323.261554724	56.5546728988	46.9958343506
-0.314478173631	83.3083710833	1.67308904769	378.839432184	22.6657385776	35.8142662048
0.227690826847	166.204335033	1.67308904769	264.43335269	128.147097751	29.0607643127
0.876640961727	146.828447321	1.67308904769	290.266884524	62.5325258325	27.0214977264
-0.288978474978	191.518865314	1.67308904769	207.285627917	93.2236427195	74.6000213623
0.333050824507	101.443661199	1.67308904769	339.248509654	45.2835099354	55.1420555115
0.627736132375	133.589863502	1.67308904769	264.397965361	42.4168299116	77.5081939697
-0.570690577873	181.497454342	1.67308904769	216.433176844	60.5611479095	78.0122833252
0.868771611936	116.55771536	1.67308904769	282.562328885	84.2101288497	39.3004684448
-0.338776746619	116.30513337	1.67308904769	357.663650006	70.0812530366	11.7314929962
-0.994743654153	129.717858548	1.67308904769	239.357169325	35.8144583912	27.4125823975
0.0511412583981	150.452486423	1.67308904769	295.504039326	87.7127400478	38.0037155151
0.26335287746	71.0155886059	1.67308904769	372.345916021	20.0401224014	36.28647995
-0.284506807837	66.6974955145	1.67308904769	343.003376972	75.460696462	75.4797058105
0.158810835761	76.6305460786	1.67308904769	320.973556171	47.8051446026	97.2208328247
-0.444857975443	119.335743118	1.67308904769	336.927316255	97.2832336936	19.9302883148
0.230944080275	93.0475728465	1.67308904769	333.031591996	22.2895056585	51.8614692688
0.351674588779	171.158436082	1.67308904769	230.239334729	92.1407775464	61.4824104309
-0.569017332428	122.627913795	1.67308904769	307.875773849	60.7755896749	52.5768623352
0.692888838076	122.477600111	1.67308904769	233.513987828	65.2320550728	53.6752967834
0.795529295074	175.490156205	1.67308904769	253.474700756	70.7960063136	27.2239952087
-0.86381608765	97.3364454481	1.67308904769	306.258280923	48.1702303436	35.6652107239
0.176704008286	128.650377939	1.67308904769	278.237790965	74.853804475	71.1525192261
0.0516151974956	173.426131135	1.67308904769	222.29680102	72.3847412329	83.200881958
0.783530080061	126.310618368	1.67308904769	312.521818384	60.4138269804	29.4413356781
-0.413412413896	164.198873587	1.67308904769	206.92023999	19.5252651456	118.834831238
-0.468394033728	64.2613528665	1.67308904769	350.308296367	33.4301416148	79.6156082153
-0.200334891586	68.5433377341	1.67308904769	330.176686428	26.2815325511	73.701461792
0.828727776204	163.866644194	1.67308904769	253.007395792	66.2599172009	43.6020927429
-0.622028249319	176.261902383	1.67308904769	235.860135444	98.2863785682	29.9627456665
0.574094351109	163.784240119	1.67308904769	253.846234807	84.0979035107	57.6086196899
-0.420009847529	171.20793048	1.67308904769	236.198682049	88.1817268228	51.5481033325
-0.253247389852	141.943755754	1.67308904769	288.355801373	58.6310597678	62.3475799561
0.0119973323791	153.471126594	1.67308904769	217.655651411	11.1037819342	126.678436279
0.493164160021	123.848271093	1.67308904769	326.427904201	57.0391809598	27.2985649109
-0.435318720104	92.5934406621	1.67308904769	351.689043413	32.4218395955	51.9102973938
-0.286470669114	92.9447888232	1.67308904769	333.541538071	36.1454571893	38.1962051392
-0.196729504371	134.844281747	1.67308904769	323.644899062	107.655302807	23.4396591187
-0.840940391177	132.825468948	1.67308904769	315.51858187	38.0803025078	34.5141639709
0.955170640504	178.14368525	1.67308904769	207.983714772	46.1779878043	66.4475326538
-0.829451287548	153.926412622	1.67308904769	246.133307028	54.8001436322	66.9466705322
0.751718629624	102.042260238	1.67308904769	303.783792314	11.2884537029	31.7908039093
0.964662092722	147.063260877	1.67308904769	292.989432745	62.1874257418	28.007226944
-0.986542450599	146.493795501	1.67308904769	282.557618494	21.8755627436	18.0817661285
-0.751435462118	87.8832630163	1.67308904769	377.798438946	49.5139998189	18.9622764587
-0.134393627699	136.332090845	1.67308904769	280.074043694	44.3978903337	67.321395874
-0.746027681371	161.730760516	1.67308904769	245.207262797	89.0586474634	38.8404006958
0.369776615088	156.213987356	1.67308904769	259.010735529	62.5158789778	73.6664810181
0.0826766347024	122.10021107	1.67308904769	319.824969672	112.89811682	38.3818321228
-0.213144578064	104.228736476	1.67308904769	357.579241174	75.9284427678	22.9085273743
-0.593894770275	89.2170167444	1.67308904769	326.784991105	46.5296913139	74.4570846558
-0.678236922991	102.032401816	1.67308904769	297.885881874	26.6549554699	79.0014953613
0.512533906735	175.783695301	1.67308904769	244.850509106	86.0931276965	54.5058860779
0.300967848847	153.118494797	1.67308904769	286.839331093	102.101177894	35.8907089233
0.0691776044938	151.875983064	1.67308904769	263.417253183	60.8704270799	75.4245834351
-0.19855884428	89.3660664019	1.67308904769	339.527371534	8.74211623145	70.7838821411
-0.953749075299	131.5773422	1.67308904769	281.43812825	10.8320890911	43.6287117004
0.991702029345	103.991914455	1.67308904769	344.317282752	48.4052673532	38.711933136
-0.235385236713	119.235445439	1.67308904769	273.089179983	73.9629128516	33.3689155579
-0.14310103548	109.66629148	1.67308904769	326.356235754	87.4638519435	52.2725791931
-0.226184274033	167.56514343	1.67308904769	264.272314915	156.08238292	22.861497879
-0.696912396499	132.074696173	1.67308904769	256.343849629	18.6842088113	82.8437957764
-0.134428382735	146.575286345	1.67308904769	187.10298802	36.0349352256	159.556411743
-0.386548072145	102.398094497	1.67308904769	355.406416667	38.2099719634	34.4839477539
-0.50906131898	114.48815744	1.67308904769	265.391002996	55.4131442271	91.1918106079
-0.397715995637	123.678359202	1.67308904769	282.733591982	98.3754428159	71.3449935913
-0.656952412493	166.678915369	1.67308904769	201.98443564	93.1588791824	93.13306427
-0.881592932722	122.878253673	1.67308904769	294.976888781	66.2555242048	53.6045265198
-0.792686998714	120.027895811	1.67308904769	337.973125657	38.0934108912	21.6413230896
-0.443789068505	167.483694288	1.67308904769	263.007596252	128.588091603	10.8928823471
-0.855139876744	159.365422138	1.67308904769	238.410653316	33.3801686748	55.0290756226
0.242720633764	108.999994444	1.67308904769	323.548648967	26.8531216631	58.3997764587
0.99916775923	115.896272626	1.67308904769	344.439427948	31.8687804159	28.9480075836
0.691412025484	138.16655131	1.67308904769	292.581748761	97.9169873279	42.8619155884
0.299267313257	156.004186499	1.67308904769	271.611881707	93.4680565781	40.0658416748
0.104307428155	128.234034046	1.67308904769	310.873056407	67.4492616474	37.8912582397
-0.139097401144	182.356214364	1.67308904769	250.987268175	140.211207369	22.4845466614
-0.0404382558504	142.785543277	1.67308904769	280.44227088	68.7702560964	47.6479721069
0.605547458234	175.380399366	1.67308904769	243.593316145	70.2335355733	56.2629547119
0.39834102117	94.1807301439	1.67308904769	313.90382962	38.6239355255	62.0190925598
0.938618251785	159.443866781	1.67308904769	254.161247286	56.1712162484	51.9430847168
-0.0517678947794	131.638050682	1.67308904769	295.723905174	61.4491185925	59.2556190491
-0.90804380938	102.87605792	1.67308904769	349.064458424	33.4914452898	39.1892700195
0.874727923252	110.310332834	1.67308904769	322.774804286	9.19547155021	43.3867340088
-0.166295649325	106.478588218	1.67308904769	296.524812182	15.1292675664	93.7429656982
0.708496473637	143.40376189	1.67308904769	294.744851431	87.917754598	10.1428661346
-0.803655775721	78.1653352519	1.67308904769	377.634454612	32.7132710066	15.2656164169
0.308614383606	85.9823469984	1.67308904769	390.642872811	40.7344044017	11.9974889755
0.0562241895551	164.406272155	1.67308904769	275.68562902	143.580747212	21.3202400208
-0.30288501427	162.893003249	1.67308904769	244.021346474	106.563230411	54.2066993713
0.123405934622	168.784905103	1.67308904769	247.412884651	100.167629178	52.8882713318
-0.910102961523	122.037808434	1.67308904769	337.539785276	46.4462867008	15.7874069214
0.191332805909	98.124436104	1.67308904769	298.74486727	29.9626653097	95.328994751
-0.0829828214698	93.5068664901	1.67308904769	356.245050375	96.3445992617	30.7880554199
0.753725613719	88.9832206872	1.67308904769	348.446262278	29.4093949427	20.3595714569
-0.918457275745	132.922460459	1.67308904769	263.176589677	62.7660816423	52.337562561
-0.0518324796072	113.509366159	1.67308904769	295.30684035	62.005005479	84.3388137817
-0.837722128573	92.082613278	1.67308904769	386.769631924	41.7877012263	16.2414989471
-0.628078447569	147.185915132	1.67308904769	263.436895212	90.0494710756	46.725151062
-0.985719806562	157.577858583	1.67308904769	258.866510676	33.0087248761	52.7360687256
-0.96816925847	108.17939517	1.67308904769	338.43533753	43.4316092886	37.15990448
-0.698433132295	183.222019149	1.67308904769	209.003468384	107.678424049	59.0671768188
-0.884890856733	112.335278452	1.67308904769	331.146108947	6.18737458448	41.1793403625
0.658356678416	57.0768523976	1.67308904769	378.741151746	48.7165521672	53.1982650757
-0.0887185065373	158.872970387	1.67308904769	237.32833039	81.3730442585	84.7127532959
-0.598436011214	136.764054366	1.67308904769	272.528921779	83.5039340589	66.8977279663
-0.674293719525	114.636877138	1.67308904769	343.425612384	72.433679846	11.2794284821
0.396437216962	132.091012693	1.67308904769	262.006520348	36.9710246682	86.6949615479
-0.570349396972	128.634684667	1.67308904769	276.059211522	81.4862915695	78.1133041382
-0.816006086569	154.43672983	1.67308904769	287.931335267	91.1118343623	17.2966537476
-0.0842779926484	159.347490212	1.67308904769	250.269940307	63.6625779308	75.3002243042
0.206460582836	106.207007566	1.67308904769	311.58263923	28.9352834313	77.8052825928
-0.925181192749	140.16313849	1.67308904769	223.30441412	57.5727590928	93.5973815918
0.488734265134	140.55540265	1.67308904769	251.991612195	43.1195773047	96.6942672729
0.0105025676704	88.4194581667	1.67308904769	372.653905213	34.0489970331	24.8003330231
-0.0977445999001	124.756537322	1.67308904769	314.861871924	73.0445372855	27.1563892365
0.927062138602	127.091283174	1.67308904769	266.275905284	49.3627631097	59.0393562317
0.588168070447	132.255221731	1.67308904769	291.0685087	93.3242536793	11.8982248306
-0.140955292125	115.591425953	1.67308904769	315.782242852	72.7807514739	37.9924430847
0.568007650715	146.586654567	1.67308904769	295.973137828	75.071927401	32.8622322083
0.0843304015401	124.648704802	1.67308904769	275.543666495	34.1122167597	62.3522415161
-0.567194639226	65.2603570434	1.67308904769	368.813632034	32.8062734853	37.6488838196
-0.502668993208	136.780528815	1.67308904769	230.253698561	30.9389201255	120.026725769
0.073739003888	134.420757402	1.67308904769	261.940505421	55.0000551334	90.4919281006
0.115833964295	132.230524863	1.67308904769	306.34378798	61.4481482537	50.3035926819
0.953908020835	144.632145053	1.67308904769	284.901331941	53.6079253598	35.9133758545
-0.0521328435695	139.907635974	1.67308904769	218.293626224	65.8890012603	117.330497742
0.843523917627	132.045178878	1.67308904769	174.832709671	86.2847482585	140.633377075
0.12259498629	100.567613449	1.67308904769	309.844555776	14.5662022302	87.6781845093
0.345497604842	131.026450508	1.67308904769	265.736939713	39.7955632813	76.34034729
-0.779482636291	114.536722318	1.67308904769	260.422525358	16.3319723986	39.8690376282
0.29521548962	170.018622436	1.67308904769	260.969684528	158.48413863	21.2558727264
-0.99210149791	109.098136811	1.67308904769	290.180952005	63.8763020272	71.2974853516
0.42578306023	113.168206544	1.67308904769	324.230888196	73.2167376701	50.218208313
-0.13171415961	68.5414918823	1.67308904769	301.424366103	45.0202826114	102.723503113
0.44513235569	74.742829144	1.67308904769	384.995944621	33.5154944203	17.875711441
0.286637965971	109.574242282	1.67308904769	308.410474682	17.1454223845	77.1813049316
-0.868685466906	116.36820552	1.67308904769	297.184942149	21.4922179653	66.0038299561
0.436478705411	128.447539233	1.67308904769	320.632706087	70.5205412465	37.0517845154
0.0466625587655	100.143509931	1.67308904769	332.856046552	40.5997050648	46.5243797302
-0.0970022643798	200.551119431	1.67308904769	186.045766377	162.152898841	27.4926147461
-0.762307051669	148.815945213	1.67308904769	286.263537906	93.6909464783	36.2446060181
-0.0734904704203	122.545609092	1.67308904769	259.409485453	27.8008962393	116.341300964
0.60614651158	116.916337733	1.67308904769	332.485558032	45.5288797625	28.2346420288
-0.332037098104	181.009598018	1.67308904769	201.398565479	91.4173009908	61.7465591431
-0.19604552797	172.26320421	1.67308904769	224.27390856	124.799486694	32.1019477844
0.237887276903	158.226490099	1.67308904769	256.96164802	86.3814133777	67.9952697754
0.445929039006	159.646970997	1.67308904769	255.645859192	81.8680344288	42.8588981628
0.0243620834746	87.8736928312	1.67308904769	376.361209764	48.8103126614	16.6517295837
0.398229109209	98.8909053161	1.67308904769	263.618502921	59.1372201439	125.227661133
0.286620091835	108.057382219	1.67308904769	293.40540836	29.3302102955	48.4854469299
0.988164574236	104.283832468	1.67308904769	319.617475379	43.3162049116	33.0733985901
-0.810661459378	168.100436156	1.67308904769	221.235737913	102.523975644	47.5258140564
0.128282510248	145.542948864	1.67308904769	216.48501987	19.8203774048	128.210494995
-0.23297578202	141.650666158	1.67308904769	295.157090596	86.2791230872	45.3104248047
0.558006999685	154.47753851	1.67308904769	279.424143842	94.1268648457	28.0339126587
0.24804177298	163.233433329	1.67308904769	255.993309303	93.726120965	62.1854476929
0.544696112338	126.408124304	1.67308904769	322.71542756	48.5349233359	43.0536651611
0.255322642178	107.638475374	1.67308904769	248.263724742	36.5067383992	113.279266357
-0.986010661965	144.85560655	1.67308904769	291.037651228	19.375360413	38.2827568054
0.855404464304	138.587618682	1.67308904769	253.403695416	60.3942807543	33.6941108704
0.428811525203	127.334209474	1.67308904769	317.387873346	83.3043521438	13.7427368164
0.982986872886	88.1039187154	1.67308904769	366.505702874	29.5936950349	32.960105896
-0.0948769710182	74.9334239455	1.67308904769	336.995765212	19.4870884911	74.2269515991
-0.440629903223	90.6077350488	1.67308904769	339.300929678	31.4245827598	32.9335250854
-0.104996778422	190.243495655	1.67308904769	229.154396218	136.873064844	41.9274520874
-0.971099494553	81.5709295286	1.67308904769	348.389903733	20.1572469314	31.4462985992
-0.0140637775268	169.756832566	1.67308904769	232.651357608	74.9935575761	76.0944824219
0.78056614903	80.3634387493	1.67308904769	298.052459608	70.6926181781	95.7022399902
-0.808767090128	147.980529059	1.67308904769	299.023342501	63.4493273624	13.5796384811
-0.66756902712	84.1411182468	1.67308904769	379.790721968	40.049774393	24.8470401764
0.168646091237	157.358250748	1.67308904769	240.377484246	88.6953235309	72.4425201416
0.870429854833	155.301701408	1.67308904769	193.004697207	24.7497644581	59.0319137573
0.776621896326	88.9846836963	1.67308904769	375.873763555	42.7095157746	10.1160669327
-0.775754723146	209.329816327	1.67308904769	238.077452389	54.702634205	46.0441589355
-0.767720429152	49.6890507507	1.67308904769	378.431664928	60.6901939124	61.3378753662
0.835790149805	161.882530297	1.67308904769	255.448245081	78.7645413867	37.525428772
0.931289161745	125.679698624	1.67308904769	271.528203675	71.1014801869	37.5050468445
-0.645702291974	113.709010732	1.67308904769	296.917571528	30.1370310374	57.9366035461
-0.555384711835	140.711316354	1.67308904769	240.298099268	42.4225866264	86.547996521
0.412720200813	129.513361176	1.67308904769	264.020024344	56.5456831375	62.1974830627
0.621184715588	97.4177454651	1.67308904769	334.438482023	15.2194907925	46.5089912415
0.502767996519	94.4092271152	1.67308904769	374.915249588	31.6285323893	20.0012054443
0.557018415493	118.720021219	1.67308904769	262.16151406	40.1219178979	112.566139221
0.933953854123	98.8136965104	1.67308904769	360.695236559	14.6239524306	30.6883411407
-0.00784752126446	128.511919624	1.67308904769	283.701871574	18.1962787138	87.1214981079
0.26933808182	122.188752094	1.67308904769	269.448503773	17.1843061467	103.127563477
-0.793658971511	87.240960128	1.67308904769	365.804309718	44.4619189791	23.3830566406
-0.0304404005608	98.5137236968	1.67308904769	267.1181218	73.9456285638	28.7780189514
-0.452745433013	164.074529255	1.67308904769	277.693224912	108.256727922	20.7057380676
-0.885309257912	163.155333453	1.67308904769	196.785464093	52.2179737886	37.2549781799
-0.599424236526	123.006399698	1.67308904769	320.483783544	70.2717971064	26.5973968506
-0.633551067067	122.117173357	1.67308904769	277.578356502	69.1956177279	67.6742858887
0.940612511762	121.074693186	1.67308904769	314.838846363	56.0840751444	43.2034378052
-0.809224765597	124.818192938	1.67308904769	260.704356581	3.00814373451	62.7404594421
-0.389012662215	132.239732367	1.67308904769	254.942602408	86.5512665409	56.6351966858
-0.73643258539	75.870233232	1.67308904769	402.704433737	32.2008725698	18.0136203766
0.312282589331	109.022635399	1.67308904769	333.653594619	42.1140290974	31.610584259
-0.844190155308	125.903695927	1.67308904769	269.722628115	70.7868897434	66.2668457031
0.0433759381072	135.137153946	1.67308904769	307.597985672	78.194355581	42.379196167
0.860230201949	171.600198039	1.67308904769	238.658116312	26.6197136465	60.2231407166
0.402416268897	137.818433162	1.67308904769	280.37952458	128.654446309	18.2246875763
0.585199287417	162.026652096	1.67308904769	266.86457803	105.020338345	21.4078655243
0.981911331894	111.793845065	1.67308904769	338.616019633	28.7611914786	32.7452278137
0.0495265136467	152.132528594	1.67308904769	300.780911412	138.980246174	11.6757717133
0.308195328238	106.308438755	1.67308904769	353.468382804	81.3646561867	29.4678421021
-0.399264612042	104.580938486	1.67308904769	348.072477597	46.6032583052	33.1642723083
0.351667777696	95.8954994867	1.67308904769	357.784955288	46.704861129	40.7894058228
0.946784606191	135.526882266	1.67308904769	263.620401854	55.6256179295	31.5058116913
-0.190462033696	156.468059427	1.67308904769	289.45678447	146.933442718	17.1642494202
-0.364194951427	132.050193784	1.67308904769	335.330615281	88.4989196798	18.0782775879
0.0831318483292	127.222534019	1.67308904769	277.631964155	58.984446975	50.7636528015
-0.170303490488	104.233307647	1.67308904769	280.521635384	38.4839081277	111.228729248
-0.493549081472	135.009478245	1.67308904769	270.404624871	29.3063820654	84.1711425781
-0.0246839185962	77.8326317244	1.67308904769	332.038731542	37.0544958478	51.61277771
0.348156569893	151.79889726	1.67308904769	277.581867613	90.8138550579	36.4321365356
0.778763511061	131.418764119	1.67308904769	274.569921717	29.6537561355	52.1171417236
0.540973027997	97.9046810189	1.67308904769	342.868700128	17.6595530767	47.1301269531
0.308017001415	126.862076477	1.67308904769	310.931784665	77.0533358703	39.6824378967
0.575166857777	123.526221919	1.67308904769	268.091721929	80.0653608612	56.5035552979
-0.400299466816	98.7646990522	1.67308904769	326.425783611	13.5156580043	72.8450546265
0.326108833068	138.8817896	1.67308904769	291.919129327	75.4376508584	46.7229537964
0.396113778638	88.5131854603	1.67308904769	350.671289023	25.5512571884	23.1338367462
-0.530780307168	147.593454706	1.67308904769	287.69489632	78.7129827745	46.5731010437
0.137788944083	99.4414880801	1.67308904769	310.154693069	13.9058210911	81.9044494629
0.749425295378	106.745933238	1.67308904769	344.94296426	59.5548757317	37.9418144226
0.590861060632	158.096158709	1.67308904769	262.406968741	69.6685014328	60.5899963379
-0.682727204224	177.996594806	1.67308904769	241.498433664	119.275166599	21.8650512695
0.751206031567	118.398885502	1.67308904769	322.518578813	16.8086143059	50.4997711182
-0.534285799066	147.573676071	1.67308904769	235.269210514	28.5756989037	81.3031158447
0.714376127828	100.514147974	1.67308904769	355.648709904	75.8218399141	30.7535572052
0.463110569443	176.989476346	1.67308904769	219.961144462	81.5525783114	79.5461044312
-0.0777665990862	146.605826425	1.67308904769	290.09598417	85.6221413417	45.8053283691
0.371972729737	146.79267143	1.67308904769	285.825318725	85.5058426024	43.3483314514
0.555497830651	97.7829794157	1.67308904769	327.710148576	67.9814333465	21.2714748383
-0.867880696397	154.273965343	1.67308904769	248.187896916	43.8763821499	44.7256126404
-0.9059525385	160.00783297	1.67308904769	260.819330512	61.1603125087	26.8925457001
0.980108524246	91.0104182027	1.67308904769	328.897045191	66.39821431	53.2306976318
-0.824129264307	126.731727573	1.67308904769	312.618659868	90.6271226641	37.3827476501
0.24340204666	107.684246017	1.67308904769	233.039503544	88.7664489611	141.732543945
0.502753339611	181.842906389	1.67308904769	243.029631857	135.357855775	26.9754772186
-0.789609923529	81.0923524741	1.67308904769	351.957655061	30.5209241145	50.9861984253
-0.873193726844	125.585709049	1.67308904769	252.45550981	23.5570301976	62.9848709106
-0.880979596394	83.5241214379	1.67308904769	383.550667195	36.85153625	25.659860611
0.801089373875	177.35856314	1.67308904769	209.627028049	12.1529876849	86.5137939453
-0.80476424221	124.185599705	1.67308904769	329.452960752	42.6760007102	29.3727493286
-0.151951813061	127.17551685	1.67308904769	330.47422997	88.3453134766	25.0382709503
-0.691117319437	139.136767333	1.67308904769	253.202199264	20.7092302358	61.90417099
-0.292414841854	169.453136616	1.67308904769	251.344958923	119.940747095	31.3492565155
0.625483912818	139.192998794	1.67308904769	261.362234582	42.3002877114	82.8137817383
0.812140955576	101.003080382	1.67308904769	336.589357328	78.4401288224	41.422832489
0.785878828186	122.599573006	1.67308904769	338.987827543	56.2055115402	14.8351173401
0.238652943668	106.789115825	1.67308904769	340.645535988	74.1857463404	39.664478302
0.269182200612	99.5622464843	1.67308904769	323.281384911	18.4201159479	65.8048477173
-0.481369219603	109.739436926	1.67308904769	276.21293044	45.2489485328	99.0766601562
0.398322173742	169.913324648	1.67308904769	221.089486745	133.436693851	65.8936157227
-0.525858525296	85.7560151045	1.67308904769	357.404883824	53.2421671786	52.1449813843
-0.320370763005	69.2018682866	1.67308904769	382.166219189	52.7593970912	27.4401893616
-0.209442743158	133.556528393	1.67308904769	312.105925856	113.98460731	33.1586380005
-0.356952305267	114.811178849	1.67308904769	291.175039752	36.0455389536	68.4791030884
-0.126273763317	147.295747008	1.67308904769	288.462358234	109.067314404	28.6489639282
0.367764965436	171.208965917	1.67308904769	261.019954888	150.783891849	18.1889038086
-0.288020766107	85.1072786724	1.67308904769	313.753117644	44.8091672332	94.1061325073
0.984280457273	89.5148312485	1.67308904769	361.059975627	30.6570048057	39.0127639771
-0.785668993432	89.9459743177	1.67308904769	351.802217407	69.421460142	42.0552139282
0.708851437212	95.0910633961	1.67308904769	342.123409897	39.2070543431	37.9168548584
0.718017170118	116.132585683	1.67308904769	326.248102717	38.7452102346	48.8818626404
0.0221367761323	103.260780933	1.67308904769	360.420587321	66.4310522772	30.1720542908
0.848768737137	79.2291530455	1.67308904769	337.659726178	61.1391591226	37.5690193176
-0.258155380181	72